13
120.433 23.4963 155.024 -6.7547 43.4 5034.21 45.2296
493.7981 539.51385 565.2149 
7.9189973 7.8081627 7.694136 
121.427 23.6688 155.024 -6.7547 43.4 4965.86 44.6156
488.95627 534.738 560.5069 
7.9642916 7.8516498 7.7353754 
121.614 23.9751 155.024 -6.7547 43.4 4972.27 44.6734
489.42535 535.20337 560.96497 
7.9599037 7.8476467 7.7315254 
121.185 24.9679 155.024 -6.7547 43.4 5075.33 45.6
496.8005 542.47845 568.1329 
7.8915477 7.7805867 7.6676397 
121.513 24.6025 155.024 -6.7547 43.4 5024.04 45.1389
493.1433 538.86945 564.5806 
7.9251227 7.814157 7.699896 
121.525 24.963 155.024 -6.7547 43.4 5048.45 45.3585
494.9011 540.59937 566.2834 
7.908679 7.7980657 7.6844344 
120.791 24.5372 155.024 -6.7547 43.4 5076.38 45.6092
496.84964 542.5272 568.18085 
7.8911133 7.7801332 7.667204 
121.383 24.4284 155.024 -6.7547 43.4 5022.06 45.1211
492.99313 538.7216 564.4352 
7.9265275 7.8155317 7.7012167 
121.83 24.8544 155.024 -6.7547 43.4 5017.08 45.0766
492.664 538.39777 564.1164 
7.9296064 7.8185444 7.7041116 
121.503 24.7772 155.024 -6.7547 43.4 5037.12 45.2565
494.08148 539.7927 565.48944 
7.916346 7.805568 7.6916437 
121.155 22.7524 155.024 -6.7547 43.4 4925.37 44.2514
485.99933 531.82605 557.641 
7.9901233 7.876696 7.7594647 
120.538 23.6888 155.024 -6.7547 43.4 5038.64 45.2696
494.12814 539.8387 565.5346 
7.91591 7.8051414 7.691233 
120.728 23.8219 155.024 -6.7547 43.4 5032.38 45.2134
493.6901 539.4076 565.1103 
7.9200077 7.809151 7.6950865 
