 44.25    1  P              105.62
 44.25    2  pP             117.65
 44.25    3  sP             122.75
 44.25    4  PP             209.29
 44.25    5  PcP            209.52
 44.25    6  PP             213.02
 44.25    7  ScP            437.92
 44.25    8  PcS            442.75
 44.25    9  S              496.21
 44.25   10  sS             516.26
 44.25   11  PKiKP          629.97
 44.25   12  pPKiKP         643.55
 44.25   13  sPKiKP         648.31
 44.25   14  SS             695.38
 44.25   15  SS             698.06
 44.25   16  ScS            700.25
 44.25   17  SS             710.09
 44.25   18  SnSn           718.71
 44.25   19  SKiKP          838.40
 44.25   20  PKKPdf        1505.51
 44.25   21  SKKPdf        1713.87
 44.25   22  PKKSdf        1718.63
 44.25   23  SKKSdf        1926.89
 44.25   24  P'P'df        2010.93
 44.25   25  P'P'ab        2076.79
 44.25   26  S'S'df        2860.24
 44.39    1  P              105.62
 44.39    2  pP             117.65
 44.39    3  sP             122.75
 44.39    4  PcP            208.90
 44.39    5  PP             209.65
 44.39    6  PP             213.19
 44.39    7  ScP            437.39
 44.39    8  PcS            442.22
 44.39    9  S              497.10
 44.39   10  sS             517.15
 44.39   11  PKiKP          629.02
 44.39   12  pPKiKP         642.60
 44.39   13  sPKiKP         647.35
 44.39   14  SS             696.93
 44.39   15  SS             699.21
 44.39   16  ScS            700.03
 44.39   17  SS             711.93
 44.39   18  SnSn           720.88
 44.39   19  SKiKP          837.45
 44.39   20  PKKPdf        1504.29
 44.39   21  SKKPdf        1712.66
 44.39   22  PKKSdf        1717.42
 44.39   23  SKKSdf        1925.69
 44.39   24  P'P'df        2009.68
 44.39   25  P'P'ab        2075.12
 44.39   26  S'S'df        2859.02
 44.52    1  P              105.62
 44.52    2  pP             117.66
 44.52    3  sP             122.75
 44.52    4  PcP            208.28
 44.52    5  PP             210.02
 44.52    6  PP             213.35
 44.52    7  ScP            436.86
 44.52    8  PcS            441.69
 44.52    9  S              497.99
 44.52   10  sS             518.05
 44.52   11  PKiKP          628.06
 44.52   12  pPKiKP         641.64
 44.52   13  sPKiKP         646.40
 44.52   14  SS             698.48
 44.52   15  ScS            699.81
 44.52   16  SS             700.35
 44.52   17  SS             713.77
 44.52   18  SnSn           723.04
 44.52   19  SKiKP          836.50
 44.52   20  PKKPdf        1503.08
 44.52   21  SKKPdf        1711.45
 44.52   22  PKKSdf        1716.21
 44.52   23  SKKSdf        1924.48
 44.52   24  P'P'df        2008.43
 44.52   25  P'P'ab        2073.45
 44.52   26  S'S'df        2857.80
 44.66    1  P              105.62
 44.66    2  pP             117.66
 44.66    3  sP             122.76
 44.66    4  PcP            207.66
 44.66    5  PP             210.38
 44.66    6  PP             213.51
 44.66    7  ScP            436.33
 44.66    8  PcS            441.17
 44.66    9  S              498.88
 44.66   10  sS             518.94
 44.66   11  PKiKP          627.11
 44.66   12  pPKiKP         640.69
 44.66   13  sPKiKP         645.44
 44.66   14  ScS            699.59
 44.66   15  SS             700.02
 44.66   16  SS             701.50
 44.66   17  SS             715.61
 44.66   18  SnSn           725.21
 44.66   19  SKiKP          835.56
 44.66   20  PKKPdf        1501.86
 44.66   21  SKKPdf        1710.24
 44.66   22  PKKSdf        1715.00
 44.66   23  SKKSdf        1923.28
 44.66   24  P'P'df        2007.17
 44.66   25  P'P'ab        2071.78
 44.66   26  S'S'df        2856.58
 44.79    1  P              105.62
 44.79    2  pP             117.67
 44.79    3  sP             122.76
 44.79    4  PcP            207.05
 44.79    5  PP             210.74
 44.79    6  PP             213.68
 44.79    7  ScP            435.81
 44.79    8  PcS            440.65
 44.79    9  S              499.76
 44.79   10  sS             519.83
 44.79   11  PKiKP          626.16
 44.79   12  pPKiKP         639.74
 44.79   13  sPKiKP         644.49
 44.79   14  ScS            699.37
 44.79   15  SS             701.57
 44.79   16  SS             702.64
 44.79   17  SS             717.45
 44.79   18  SnSn           727.38
 44.79   19  SKiKP          834.61
 44.79   20  PKKPdf        1500.65
 44.79   21  SKKPdf        1709.04
 44.79   22  PKKSdf        1713.79
 44.79   23  SKKSdf        1922.08
 44.79   24  P'P'df        2005.92
 44.79   25  P'P'ab        2070.11
 44.79   26  S'S'df        2855.37
 44.93    1  P              105.62
 44.93    2  pP             117.67
 44.93    3  sP             122.76
 44.93    4  PcP            206.44
 44.93    5  PP             211.10
 44.93    6  PP             213.84
 44.93    7  ScP            435.29
 44.93    8  PcS            440.12
 44.93    9  S              500.65
 44.93   10  sS             520.73
 44.93   11  PKiKP          625.21
 44.93   12  pPKiKP         638.79
 44.93   13  sPKiKP         643.54
 44.93   14  ScS            699.16
 44.93   15  SS             703.11
 44.93   16  SS             703.79
 44.93   17  SS             719.28
 44.93   18  SnSn           729.55
 44.93   19  SKiKP          833.67
 44.93   20  PKKPdf        1499.43
 44.93   21  SKKPdf        1707.83
 44.93   22  PKKSdf        1712.58
 44.93   23  SKKSdf        1920.88
 44.93   24  P'P'df        2004.67
 44.93   25  P'P'ab        2068.45
 44.93   26  S'S'df        2854.15
 45.07    1  P              105.62
 45.07    2  pP             117.68
 45.07    3  sP             122.77
 45.07    4  PcP            205.83
 45.07    5  PP             211.47
 45.07    6  PP             214.01
 45.07    7  ScP            434.77
 45.07    8  PcS            439.61
 45.07    9  S              501.53
 45.07   10  sS             521.62
 45.07   11  PKiKP          624.26
 45.07   12  pPKiKP         637.84
 45.07   13  sPKiKP         642.59
 45.07   14  ScS            698.95
 45.07   15  SS             704.65
 45.07   16  SS             704.93
 45.07   17  SS             721.11
 45.07   18  SnSn           731.72
 45.07   19  SKiKP          832.73
 45.07   20  PKKPdf        1498.22
 45.07   21  SKKPdf        1706.62
 45.07   22  PKKSdf        1711.38
 45.07   23  SKKSdf        1919.68
 45.07   24  P'P'df        2003.43
 45.07   25  P'P'ab        2066.78
 45.07   26  S'S'df        2852.94
 45.20    1  P              105.62
 45.20    2  pP             117.68
 45.20    3  sP             122.77
 45.20    4  PcP            205.22
 45.20    5  PP             211.83
 45.20    6  PP             214.18
 45.20    7  ScP            434.26
 45.20    8  PcS            439.09
 45.20    9  S              502.42
 45.20   10  sS             522.51
 45.20   11  PKiKP          623.31
 45.20   12  pPKiKP         636.89
 45.20   13  sPKiKP         641.65
 45.20   14  ScS            698.74
 45.20   15  SS             706.08
 45.20   16  SS             706.19
 45.20   17  SS             722.94
 45.20   18  SnSn           733.89
 45.20   19  SKiKP          831.79
 45.20   20  PKKPdf        1497.01
 45.20   21  SKKPdf        1705.42
 45.20   22  PKKSdf        1710.17
 45.20   23  SKKSdf        1918.48
 45.20   24  P'P'df        2002.18
 45.20   25  P'P'ab        2065.12
 45.20   26  S'S'df        2851.72
 45.34    1  P              105.62
 45.34    2  pP             117.68
 45.34    3  sP             122.77
 45.34    4  PcP            204.61
 45.34    5  PP             212.19
 45.34    6  PP             214.35
 45.34    7  ScP            433.74
 45.34    8  PcS            438.57
 45.34    9  S              503.30
 45.34   10  sS             523.40
 45.34   11  PKiKP          622.37
 45.34   12  pPKiKP         635.95
 45.34   13  sPKiKP         640.70
 45.34   14  ScS            698.54
 45.34   15  SS             707.22
 45.34   16  SS             707.73
 45.34   17  SnSn           736.06
 45.34   18  SKiKP          830.85
 45.34   19  PKKPdf        1495.80
 45.34   20  SKKPdf        1704.22
 45.34   21  PKKSdf        1708.97
 45.34   22  SKKSdf        1917.28
 45.34   23  P'P'df        2000.93
 45.34   24  P'P'ab        2063.46
 45.34   25  S'S'df        2850.51
 45.47    1  P              105.62
 45.47    2  pP             117.69
 45.47    3  sP             122.77
 45.47    4  PcP            204.01
 45.47    5  PP             212.55
 45.47    6  PP             214.52
 45.47    7  ScP            433.23
 45.47    8  PcS            438.06
 45.47    9  S              504.19
 45.47   10  sS             524.29
 45.47   11  PKiKP          621.42
 45.47   12  pPKiKP         635.00
 45.47   13  sPKiKP         639.76
 45.47   14  ScS            698.34
 45.47   15  SS             708.37
 45.47   16  SS             709.27
 45.47   17  SnSn           738.23
 45.47   18  SKiKP          829.91
 45.47   19  PKKPdf        1494.59
 45.47   20  SKKPdf        1703.01
 45.47   21  PKKSdf        1707.77
 45.47   22  SKKSdf        1916.08
 45.47   23  P'P'df        1999.69
 45.47   24  P'P'ab        2061.79
 45.47   25  S'S'df        2849.30
 45.61    1  P              105.62
 45.61    2  pP             117.69
 45.61    3  sP             122.78
 45.61    4  PcP            203.41
 45.61    5  PP             212.92
 45.61    6  PP             214.69
 45.61    7  ScP            432.72
 45.61    8  PcS            437.55
 45.61    9  S              505.07
 45.61   10  sS             525.18
 45.61   11  PKiKP          620.48
 45.61   12  pPKiKP         634.06
 45.61   13  sPKiKP         638.82
 45.61   14  ScS            698.14
 45.61   15  SS             709.51
 45.61   16  SS             710.80
 45.61   17  SnSn           740.40
 45.61   18  SKiKP          828.98
 45.61   19  PKKPdf        1493.38
 45.61   20  SKKPdf        1701.81
 45.61   21  PKKSdf        1706.57
 45.61   22  SKKSdf        1914.89
 45.61   23  P'P'df        1998.44
 45.61   24  P'P'ab        2060.14
 45.61   25  S'S'df        2848.09
